000709
000092
002461
001525
002518
000051
001982
001640
001387
000333
000508
000754
002488
000365
002046
002568
002547
000201
000646
002035
000388
000519
002367
000534
000504
000890
002437
001997
001956
001862
000295
000772
001058
002602
001346
001252
000223
002014
001318
000690
002450
001076
002238
001857
001315
002631
001996
000955
000194
000621
002525
001910
000776
001902
000789
000307
001628
000037
000819
001253
001432
001688
001962
000364
000480
001955
002648
000574
000751
000225
002084
000706
000375
001110
002378
000252
000615
001837
002598
000711
001049
002247
002446
001604
000229
000227
000262
002124
000268
002635
000091
001152
001470
001609
001410
002008
002371
002632
002522
000008
001473
002552
000650
002021
000839
000691
000502
001920
001832
002463
001380
000467
000937
000415
002251
002582
000600
000001
000763
000569
000505
000018
002236
001321
001911
001536
002526
001849
001796
002313
000798
000812
000977
001469
000004
001792
000218
000118
002242
001815
002056
002570
001022
000120
001839
000035
002288
000862
000471
000982
000949
000800
001533
001736
002360
002237
001615
002642
001467
001594
001264
001274
000688
000669
001162
002596
002265
002181
000237
002433
002149
001674
001808
002310
001675
001239
001619
002559
000216
000122
001423
002042
001660
000507
002119
001867
001126
002519
000578
000184
001072
001248
001546
000302
001148
001121
002460
001295
002314
001359
001875
000062
002170
000985
000724
000822
000608
002358
000686
002117
001568
002457
002516
002322
001081
000826
000717
001002
000533
002005
000703
001436
000183
000424
000011
000075
002174
000339
002212
000579
000210
001202
001725
001669
002405
000346
002133
000276
001627
002295
001602
001207
001949
000401
001983
001746
001418
002420
002455
000253
001358
001758
001798
001931
001932
001581
000116
002468
001943
000957
000099
001978
001038
002211
002137
001067
002444
002007
002435
001259
002540
002354
000692
001342
001575
002280
002290
002543
001039
001111
000212
000078
001154
002004
001690
000010
000864
001083
001579
001677
000845
002425
000577
001193
001089
000367
001167
002047
001266
000846
000332
002510
000399
000431
001175
001191
002615
000189
002386
000747
001122
000838
001174
000273
001626
000941
000487
000497
001350
001610
001499
001777
001773
000629
001538
000072
001556
002246
000616
001045
000266
001257
000956
000071
002561
000922
001108
000582
000841
002528
000746
000775
002308
001984
002609
001215
000774
002544
000418
000066
002398
001189
001461
000538
000144
002500
000715
001115
001799
000959
000728
002480
000857
000100
000428
000801
002301
002311
001916
001485
001444
001135
001477
001254
002253
001879
000056
000005
000275
000913
002536
001496
000335
001720
001511
000971
001617
002216
001060
002524
002077
000787
001255
001288
001848
000047
000012
000465
001965
000403
000835
002132
000983
000411
001576
000098
000438
000546
001993
001119
001102
002192
002356
001591
002608
001497
001817
000050
000073
000127
002478
001926
001713
002493
002204
001164
002527
000288
002108
002161
001399
000561
002304
001607
002382
001294
001836
000161
002270
001453
001185
000105
001322
000622
001708
002026
001545
001258
002566
000927
001246
000153
002400
002482
002587
000413
001667
000984
001403
000477
000149
002531
001234
000565
001705
001655
001747
002470
002054
002093
000602
001123
000334
000136
001384
001861
001057
000024
002554
002291
002044
000423
000022
001055
000994
000432
000173
001026
000854
001462
000320
002447
000917
000594
002028
000483
001220
002136
002600
001280
002520
000643
000315
002003
001751
002503
001707
000283
001544
000326
002294
001114
001785
001548
000355
000231
002115
001506
000169
002465
001047
001625
000057
001457
001852
001648
000916
002563
000353
001398
001588
000535
001986
002445
001435
002643
001629
001159
000730
000832
001232
001235
002240
001343
001007
000714
000584
000506
001818
000765
001481
001279
002377
001960
001887
000179
001917
000308
002336
002072
001923
001035
000328
001539
000456
001671
001010
001924
000866
000126
000671
001940
001340
000886
002157
002012
002650
000121
000576
001612
000531
001507
001184
002622
000117
002102
000286
002328
002196
001211
001510
000770
000588
001971
002408
000807
001854
001317
001313
000034
001375
001853
000891
000376
000799
001386
001334
001889
001841
001716
001518
002494
000795
002588
000416
001325
001793
001797
000446
001676
002546
000458
002550
001173
000171
002148
000928
002515
002058
002109
002020
001303
000805
002434
000674
001371
000887
000617
001133
001396
001391
002125
000274
000532
002621
000510
001789
002497
002172
002298
000451
002332
000793
000827
000802
000820
001714
000744
001811
002577
000196
002388
000700
000485
000557
001426
000731
000910
001438
001368
001606
000704
000207
002331
000038
002116
000738
000139
002016
001074
001605
001450
000180
001775
001630
001988
002154
000046
000137
001479
000596
000107
000644
001348
001489
000354
000766
000366
000733
001893
000783
000950
000651
001200
000482
000400
001907
000806
000855
001205
002231
000539
000070
001147
000958
000088
000685
001552
000192
000427
002107
000247
000362
000998
002185
000440
001822
002509
002064
001488
000528
001027
001703
000549
001973
002603
000749
000065
001804
002018
000655
000430
002090
000049
002481
002281
000843
001807
002227
001056
001197
002417
002633
001830
001238
000221
002458
001443
001946
001268
000631
001306
001560
000723
001899
001659
001769
002350
002283
001778
000150
002029
001064
001582
002232
002589
001728
002565
002636
001934
002591
002448
002523
002245
001726
000055
001275
000028
002096
000974
001697
001319
002416
001999
002477
000986
001572
001504
002085
000086
001515
002049
000529
000729
000973
001554
000381
001897
000657
000944
000257
001979
001935
001521
001222
000429
000541
001865
002179
002155
001362
001425
002548
001100
000585
000935
000377
001392
002266
000804
000870
001969
002511
001616
002374
001161
000803
001190
001599
002091
001770
000455
000244
000737
000693
000374
001278
001896
001364
000739
000170
002225
001930
001874
000710
001820
001486
001757
000158
001117
001562
001711
001145
000884
001048
001871
002571
001695
002537
001957
000553
000790
002432
001283
002207
002558
001574
002055
002248
001508
000232
000197
001998
001821
000350
000220
002059
002171
002403
000019
000371
001447
000434
002584
000965
000096
000540
000702
002541
001623
001042
000687
002184
001901
001370
001424
000659
000386
001305
001243
000967
001951
000610
000133
002401
000679
001950
001090
001031
001460
000145
001524
001744
000084
000342
001512
001906
001095
001271
000873
001061
001218
001137
000396
002317
001936
002239
000338
001455
000343
002230
001590
002105
002063
002033
001051
000347
000794
001096
002611
000290
000940
000382
001921
002352
000625
002289
002325
002533
001401
001420
002097
000041
000177
002039
001639
002545
002224
002442
000858
002165
000831
001170
000462
002199
001033
002271
001256
001835
001653
002597
000668
002551
002134
000931
002099
001065
001891
000757
001053
002343
002513
000595
002399
000394
001014
001774
001712
001326
002595
001900
001183
001709
000079
001158
001196
002178
001925
001845
002402
002383
002121
002338
000520
001959
000058
001952
001501
001292
002319
002010
000453
002180
000140
000901
000310
002512
002287
000920
001332
001696
000363
001363
001961
001754
000405
002032
000300
001819
001299
002580
000720
000716
002625
002583
001046
002222
000345
002362
001236
002628
000636
001413
001459
001908
002186
001731
001970
000895
001641
001407
002453
000352
001944
001680
000830
002037
001091
000856
001885
000880
000642
000160
001446
002335
000894
002456
002153
002278
002259
001964
001404
001500
000265
001378
002409
002415
002560
000246
001338
000593
000524
002508
001760
002187
002614
000016
000113
000810
000452
001829
000632
001080
000997
000581
000228
001312
001898
001805
001050
000442
001146
000849
001782
000995
001611
000908
001699
000168
002257
001872
000319
002195
000174
001474
002013
000758
002483
002019
001210
000860
000771
001701
002193
001393
000063
002529
002031
001646
001833
001666
000013
000719
002576
001738
001585
000370
001476
002086
000054
002407
001149
001771
000464
000571
001365
002337
001682
000718
001226
000460
000988
001311
002505
001679
000213
002139
000640
002175
001618
002065
000725
001540
002556
001652
001177
001151
001715
002366
001493
000764
000198
001691
001597
001790
001661
000138
000972
002043
000767
001535
001194
000875
000641
000195
000852
000817
000929
000695
002101
000468
000925
000881
000441
001130
002023
001297
002616
001036
001316
002163
002327
001632
001922
001124
002263
000564
001527
000135
000304
001547
000166
000151
001663
001005
001344
002329
000823
002135
001490
000064
002564
002379
001068
000089
001531
001032
000926
000224
002376
001052
001967
002052
002406
002638
001595
001520
002303
001831
000108
000544
002641
002315
000664
001772
000488
000734
000031
002062
001686
000226
000358
001463
001314
000267
002214
000568
001565
001783
000303
001958
000478
002250
002599
002312
002126
002205
000421
001157
000258
001883
000684
000104
000044
002129
001919
002392
001395
000251
000389
001570
002164
000125
002610
002190
000753
001764
000743
000484
000911
002581
002372
001980
000068
001914
002092
001261
001645
000203
002111
001851
001856
002579
001107
000760
001737
000796
000278
001101
001491
000200
002152
002353
000624
000077
