0093
0878
0444
0475
0590
0874
0252
0551
0312
0491
0173
0300
0029
0375
0534
0537
0514
0689
0351
0200
0847
0399
0545
0561
0812
0690
0398
0802
0529
0731
0818
0233
0037
0867
0549
0175
0370
0392
0462
0681
0720
0381
0149
0365
0638
0050
0694
0335
0616
0562
0317
0500
0671
0483
0222
0248
0843
0589
0633
0490
0532
0805
0865
0242
0781
0596
0811
0153
0696
0450
0574
0025
0111
0502
0178
0230
0688
0420
0034
0046
0801
0669
0313
0240
0263
0291
0511
0752
0086
0742
0650
0426
0675
0625
0848
0863
0032
0654
0403
0727
0237
0427
0385
0606
0841
0494
0677
0257
0482
0181
0355
0753
0586
0422
0336
0795
0824
0807
0418
0587
0615
0361
0452
0457
0106
0054
0718
0723
0890
0130
0356
0151
0662
0089
0709
0883
0432
0027
0290
0504
0051
0853
0635
0273
0194
0877
0610
0328
0803
0712
0774
0819
0203
0394
0424
0030
0459
0202
0062
0580
0201
0704
0576
0496
0447
0011
0018
0814
0492
0346
0014
0535
0762
0528
0573
0065
0757
0828
0185
0357
0468
0509
0481
0451
0714
0503
0314
0844
0740
0035
0612
0789
0476
0199
0366
0145
0488
0758
0864
0435
0892
0652
0250
0043
0186
0820
0618
0174
0777
0326
0228
0658
0510
0623
0836
0397
0302
0057
0761
0303
0265
0189
0192
0526
0834
0698
0896
0278
0193
0486
0673
0754
0516
0382
0148
0871
0269
0645
0006
0179
0150
0455
0232
0393
0337
0214
0686
0886
0583
0120
0139
0085
0852
0649
0017
0407
0079
0305
0524
0741
0558
0042
0842
0321
0140
0319
0437
0040
0772
0141
0685
0639
0376
0508
0127
0133
0667
0334
0588
0894
0729
0495
0259
0330
0163
0539
0294
0069
0309
0579
0436
0793
0898
0238
0266
0458
0751
0776
0055
0593
0733
0125
0405
0668
0621
0833
0295
0213
0825
0038
0648
0126
0024
0601
0629
0102
0116
0359
0121
0048
0172
0456
0264
0146
0044
0087
0660
0386
0523
0331
0600
0821
0165
0387
0823
0373
0467
0770
0156
0438
0281
0208
0155
0533
0316
0887
0665
0584
0367
0540
0415
0477
0284
0152
0207
0798
0555
0464
0642
0260
0154
0064
0340
0594
0810
0402
0341
0440
0478
0613
0608
0344
0369
0879
0276
0267
0706
0838
0632
0507
0131
0098
0296
0198
0548
0262
0311
0881
0161
0815
0177
0582
0716
0431
0429
0538
0298
0445
0134
0695
0015
0684
0854
0713
0609
0261
0329
0423
0412
0396
0036
0768
0595
0205
0099
0338
0726
0701
0117
0472
0630
0711
0180
0661
0419
0543
0114
0565
0790
0196
0628
0360
0404
0822
0137
0724
0531
0377
0343
0597
0211
0401
0505
0378
0092
0013
0212
0091
0416
0410
